# This file may be used to create an environment using:
# $ conda create --name <env> --file <this file>
# platform: win-64
aiohttp=3.8.4=pypi_0
aiosignal=1.3.1=pypi_0
async-timeout=4.0.2=pypi_0
async_generator=1.10=py_0
attrs=22.2.0=pyh71513ae_0
backoff=2.2.1=pypi_0
beautifulsoup4=4.12.0=pyha770c72_0
botocore=1.29.89=pypi_0
brotlipy=0.7.0=py310h8d17308_1005
bs4=4.12.0=hd8ed1ab_0
bzip2=1.0.8=h8ffe710_4
ca-certificates=2022.12.7=h5b45459_0
certifi=2022.12.7=pypi_0
cffi=1.15.1=py310h628cb3f_3
charset-normalizer=3.1.0=pypi_0
cryptography=40.0.1=py310h6e82f81_0
exceptiongroup=1.1.1=pyhd8ed1ab_0
frozenlist=1.3.3=pypi_0
gql=3.4.0=pypi_0
graphql-core=3.2.3=pypi_0
h11=0.14.0=pyhd8ed1ab_0
idna=3.4=pyhd8ed1ab_0
jinja2=3.1.2=pyhd8ed1ab_1
jmespath=1.0.1=pypi_0
libffi=3.4.2=h8ffe710_5
libsqlite=3.40.0=hcfcfb64_0
libzlib=1.2.13=hcfcfb64_4
markupsafe=2.1.2=py310h8d17308_0
multidict=6.0.4=pypi_0
openssl=3.1.0=hcfcfb64_0
outcome=1.2.0=pyhd8ed1ab_0
pip=23.0.1=pyhd8ed1ab_0
pycparser=2.21=pyhd8ed1ab_0
pyopenssl=23.1.0=pyhd8ed1ab_0
pysocks=1.7.1=pyh0701188_6
python=3.10.9=h4de0772_0_cpython
python-dateutil=2.8.2=pypi_0
python_abi=3.10=3_cp310
pyyaml=6.0=py310h8d17308_5
requests=2.28.2=pypi_0
requests-toolbelt=0.10.1=pypi_0
selenium=4.8.2=pyhd8ed1ab_0
setuptools=67.6.0=pyhd8ed1ab_0
six=1.16.0=pypi_0
sniffio=1.3.0=pyhd8ed1ab_0
sortedcontainers=2.4.0=pyhd8ed1ab_0
soupsieve=2.3.2.post1=pyhd8ed1ab_0
tk=8.6.12=h8ffe710_0
trio=0.22.0=py310h5588dad_1
trio-websocket=0.10.2=pyhd8ed1ab_0
typing_extensions=4.5.0=pyha770c72_0
tzdata=2023b=h71feb2d_0
ucrt=10.0.22621.0=h57928b3_0
urllib3=1.26.14=pypi_0
vc=14.3=hb6edc58_10
vs2015_runtime=14.34.31931=h4c5c07a_10
websockets=10.4=pypi_0
wheel=0.40.0=pyhd8ed1ab_0
win_inet_pton=1.1.0=pyhd8ed1ab_6
wsproto=1.2.0=pyhd8ed1ab_0
xz=5.2.6=h8d14728_0
yaml=0.2.5=h8ffe710_2
yarl=1.8.2=pypi_0
